# flux    dens met   OH    logU
  281.783 2.0  0.002 7.67  -4.0
  280.979 2.0  0.002 7.67  -3.5
  279.726 2.0  0.002 7.67  -3.0
  278.404 2.0  0.002 7.67  -2.5
  277.288 2.0  0.002 7.67  -2.0
  276.368 2.0  0.002 7.67  -1.5
  275.401 2.0  0.002 7.67  -1.0
  281.436 2.0  0.003 7.846 -4.0
  280.592 2.0  0.003 7.846 -3.5
  279.437 2.0  0.003 7.846 -3.0
  278.364 2.0  0.003 7.846 -2.5
  277.517 2.0  0.003 7.846 -2.0
  276.662 2.0  0.003 7.846 -1.5
  275.797 2.0  0.003 7.846 -1.0
  281.11  2.0  0.004 7.971 -4.0
  280.282 2.0  0.004 7.971 -3.5
  279.289 2.0  0.004 7.971 -3.0
  278.464 2.0  0.004 7.971 -2.5
  277.82  2.0  0.004 7.971 -2.0
  277.0   2.0  0.004 7.971 -1.5
  276.191 2.0  0.004 7.971 -1.0
  280.798 2.0  0.006 8.147 -4.0
  280.077 2.0  0.006 8.147 -3.5
  279.393 2.0  0.006 8.147 -3.0
  278.924 2.0  0.006 8.147 -2.5
  278.476 2.0  0.006 8.147 -2.0
  277.675 2.0  0.006 8.147 -1.5
  276.862 2.0  0.006 8.147 -1.0
  280.718 2.0  0.008 8.272 -4.0
  280.134 2.0  0.008 8.272 -3.5
  279.716 2.0  0.008 8.272 -3.0
  279.534 2.0  0.008 8.272 -2.5
  279.201 2.0  0.008 8.272 -2.0
  278.42  2.0  0.008 8.272 -1.5
  277.584 2.0  0.008 8.272 -1.0
  280.779 2.0  0.01  8.369 -4.0
  280.3   2.0  0.01  8.369 -3.5
  280.061 2.0  0.01  8.369 -3.0
  280.098 2.0  0.01  8.369 -2.5
  279.862 2.0  0.01  8.369 -2.0
  279.104 2.0  0.01  8.369 -1.5
  278.242 2.0  0.01  8.369 -1.0
  281.336 2.0  0.014 8.515 -4.0
  281.012 2.0  0.014 8.515 -3.5
  280.946 2.0  0.014 8.515 -3.0
  281.237 2.0  0.014 8.515 -2.5
  281.126 2.0  0.014 8.515 -2.0
  280.427 2.0  0.014 8.515 -1.5
  279.556 2.0  0.014 8.515 -1.0
  282.629 2.0  0.02  8.67  -4.0
  282.381 2.0  0.02  8.67  -3.5
  282.286 2.0  0.02  8.67  -3.0
  282.601 2.0  0.02  8.67  -2.5
  282.69  2.0  0.02  8.67  -2.0
  282.322 2.0  0.02  8.67  -1.5
  281.588 2.0  0.02  8.67  -1.0
  286.519 2.0  0.04  8.971 -4.0
  286.394 2.0  0.04  8.971 -3.5
  286.325 2.0  0.04  8.971 -3.0
  286.374 2.0  0.04  8.971 -2.5
  286.506 2.0  0.04  8.971 -2.0
  286.761 2.0  0.04  8.971 -1.5
  286.804 2.0  0.04  8.971 -1.0
  281.841 3.0  0.002 7.67  -4.0
  281.035 3.0  0.002 7.67  -3.5
  279.779 3.0  0.002 7.67  -3.0
  278.474 3.0  0.002 7.67  -2.5
  277.395 3.0  0.002 7.67  -2.0
  276.52  3.0  0.002 7.67  -1.5
  275.608 3.0  0.002 7.67  -1.0
  281.531 3.0  0.003 7.846 -4.0
  280.674 3.0  0.003 7.846 -3.5
  279.506 3.0  0.003 7.846 -3.0
  278.432 3.0  0.003 7.846 -2.5
  277.604 3.0  0.003 7.846 -2.0
  276.769 3.0  0.003 7.846 -1.5
  275.951 3.0  0.003 7.846 -1.0
  281.209 3.0  0.004 7.971 -4.0
  280.375 3.0  0.004 7.971 -3.5
  279.354 3.0  0.004 7.971 -3.0
  278.503 3.0  0.004 7.971 -2.5
  277.865 3.0  0.004 7.971 -2.0
  277.06  3.0  0.004 7.971 -1.5
  276.293 3.0  0.004 7.971 -1.0
  280.899 3.0  0.006 8.147 -4.0
  280.148 3.0  0.006 8.147 -3.5
  279.4   3.0  0.006 8.147 -3.0
  278.883 3.0  0.006 8.147 -2.5
  278.42  3.0  0.006 8.147 -2.0
  277.645 3.0  0.006 8.147 -1.5
  276.876 3.0  0.006 8.147 -1.0
  280.783 3.0  0.008 8.272 -4.0
  280.149 3.0  0.008 8.272 -3.5
  279.65  3.0  0.008 8.272 -3.0
  279.384 3.0  0.008 8.272 -2.5
  279.024 3.0  0.008 8.272 -2.0
  278.28  3.0  0.008 8.272 -1.5
  277.507 3.0  0.008 8.272 -1.0
  280.783 3.0  0.01  8.369 -4.0
  280.261 3.0  0.01  8.369 -3.5
  279.921 3.0  0.01  8.369 -3.0
  279.842 3.0  0.01  8.369 -2.5
  279.555 3.0  0.01  8.369 -2.0
  278.845 3.0  0.01  8.369 -1.5
  278.063 3.0  0.01  8.369 -1.0
  281.24  3.0  0.014 8.515 -4.0
  280.866 3.0  0.014 8.515 -3.5
  280.679 3.0  0.014 8.515 -3.0
  280.785 3.0  0.014 8.515 -2.5
  280.563 3.0  0.014 8.515 -2.0
  279.925 3.0  0.014 8.515 -1.5
  279.167 3.0  0.014 8.515 -1.0
  282.408 3.0  0.02  8.67  -4.0
  282.129 3.0  0.02  8.67  -3.5
  281.899 3.0  0.02  8.67  -3.0
  281.928 3.0  0.02  8.67  -2.5
  281.84  3.0  0.02  8.67  -2.0
  281.454 3.0  0.02  8.67  -1.5
  280.888 3.0  0.02  8.67  -1.0
  286.016 3.0  0.04  8.971 -4.0
  285.83  3.0  0.04  8.971 -3.5
  285.608 3.0  0.04  8.971 -3.0
  285.29  3.0  0.04  8.971 -2.5
  284.903 3.0  0.04  8.971 -2.0
  284.846 3.0  0.04  8.971 -1.5
  285.196 3.0  0.04  8.971 -1.0
  281.892 4.0  0.002 7.67  -4.0
  281.105 4.0  0.002 7.67  -3.5
  279.86  4.0  0.002 7.67  -3.0
  278.637 4.0  0.002 7.67  -2.5
  277.767 4.0  0.002 7.67  -2.0
  277.36  4.0  0.002 7.67  -1.5
  277.266 4.0  0.002 7.67  -1.0
  281.659 4.0  0.003 7.846 -4.0
  280.825 4.0  0.003 7.846 -3.5
  279.639 4.0  0.003 7.846 -3.0
  278.615 4.0  0.003 7.846 -2.5
  277.958 4.0  0.003 7.846 -2.0
  277.499 4.0  0.003 7.846 -1.5
  277.368 4.0  0.003 7.846 -1.0
  281.385 4.0  0.004 7.971 -4.0
  280.545 4.0  0.004 7.971 -3.5
  279.486 4.0  0.004 7.971 -3.0
  278.676 4.0  0.004 7.971 -2.5
  278.18  4.0  0.004 7.971 -2.0
  277.683 4.0  0.004 7.971 -1.5
  277.528 4.0  0.004 7.971 -1.0
  281.087 4.0  0.006 8.147 -4.0
  280.285 4.0  0.006 8.147 -3.5
  279.478 4.0  0.006 8.147 -3.0
  278.989 4.0  0.006 8.147 -2.5
  278.637 4.0  0.006 8.147 -2.0
  278.102 4.0  0.006 8.147 -1.5
  277.832 4.0  0.006 8.147 -1.0
  280.894 4.0  0.008 8.272 -4.0
  280.18  4.0  0.008 8.272 -3.5
  279.617 4.0  0.008 8.272 -3.0
  279.391 4.0  0.008 8.272 -2.5
  279.128 4.0  0.008 8.272 -2.0
  278.599 4.0  0.008 8.272 -1.5
  278.251 4.0  0.008 8.272 -1.0
  280.759 4.0  0.01  8.369 -4.0
  280.136 4.0  0.01  8.369 -3.5
  279.752 4.0  0.01  8.369 -3.0
  279.733 4.0  0.01  8.369 -2.5
  279.532 4.0  0.01  8.369 -2.0
  279.026 4.0  0.01  8.369 -1.5
  278.624 4.0  0.01  8.369 -1.0
  280.931 4.0  0.014 8.515 -4.0
  280.459 4.0  0.014 8.515 -3.5
  280.268 4.0  0.014 8.515 -3.0
  280.473 4.0  0.014 8.515 -2.5
  280.316 4.0  0.014 8.515 -2.0
  279.876 4.0  0.014 8.515 -1.5
  279.438 4.0  0.014 8.515 -1.0
  281.797 4.0  0.02  8.67  -4.0
  281.451 4.0  0.02  8.67  -3.5
  281.253 4.0  0.02  8.67  -3.0
  281.453 4.0  0.02  8.67  -2.5
  281.398 4.0  0.02  8.67  -2.0
  281.146 4.0  0.02  8.67  -1.5
  280.846 4.0  0.02  8.67  -1.0
  285.122 4.0  0.04  8.971 -4.0
  284.839 4.0  0.04  8.971 -3.5
  284.664 4.0  0.04  8.971 -3.0
  285.391 4.0  0.04  8.971 -2.5
  285.516 4.0  0.04  8.971 -2.0
  285.112 4.0  0.04  8.971 -1.5
  285.05  4.0  0.04  8.971 -1.0
