logU dens met OH CII_1335 CIV_1551 HeII_1640 CIII_1909 Hbeta OIII_5007 Halpha NII_6583 CI_9850 SIII_9531 HeI_10830 PaGamma PII_1188 FeII_1257 PaBeta FeII_132 FeII_164 PaAlpha
-4.0 2.0 0.002 7.67 3.46 0.0 0.554 3.021 100.0 3.336 281.783 9.557 0.818 6.89 23.663 8.655 0.508 0.979 15.435 0.259 0.828 30.285
-3.5 2.0 0.002 7.67 4.55 0.014 0.821 10.827 100.0 31.071 280.979 9.625 0.22 13.99 24.806 8.55 0.448 0.48 15.24 0.127 0.406 29.794
-3.0 2.0 0.002 7.67 5.124 0.284 0.931 26.282 100.0 137.027 279.726 6.116 0.046 21.615 25.549 8.479 0.34 0.202 15.087 0.053 0.171 29.404
-2.5 2.0 0.002 7.67 5.13 1.498 1.014 45.685 100.0 264.248 278.404 2.636 0.008 25.884 26.028 8.433 0.198 0.079 14.971 0.021 0.067 29.111
-2.0 2.0 0.002 7.67 4.92 4.525 1.157 64.945 100.0 355.714 277.288 0.99 0.001 24.382 26.088 8.397 0.088 0.032 14.874 0.009 0.027 28.862
-1.5 2.0 0.002 7.67 4.708 7.522 1.476 76.155 100.0 418.918 276.368 0.381 0.0 17.207 25.308 8.367 0.033 0.014 14.799 0.004 0.012 28.654
-1.0 2.0 0.002 7.67 4.461 9.871 2.231 73.301 100.0 467.722 275.401 0.168 0.0 9.463 23.542 8.336 0.013 0.007 14.727 0.002 0.006 28.457
-4.0 2.0 0.003 7.846 4.178 0.0 0.473 3.832 100.0 4.371 281.436 15.731 1.145 9.881 23.385 8.702 0.744 1.456 15.505 0.385 1.231 30.436
-3.5 2.0 0.003 7.846 5.468 0.016 0.7 13.22 100.0 40.023 280.592 15.831 0.309 19.886 24.614 8.611 0.654 0.718 15.33 0.19 0.607 29.992
-3.0 2.0 0.003 7.846 6.072 0.324 0.795 29.977 100.0 174.931 279.437 10.161 0.064 30.191 25.361 8.557 0.494 0.302 15.206 0.08 0.256 29.674
-2.5 2.0 0.003 7.846 6.049 1.431 0.871 48.662 100.0 333.836 278.364 4.432 0.011 35.581 25.771 8.526 0.287 0.118 15.123 0.031 0.1 29.46
-2.0 2.0 0.003 7.846 5.856 3.734 1.009 66.685 100.0 443.496 277.517 1.689 0.002 33.536 25.777 8.501 0.13 0.048 15.052 0.013 0.041 29.27
-1.5 2.0 0.003 7.846 5.714 5.816 1.329 79.432 100.0 520.312 276.662 0.672 0.0 24.339 25.089 8.472 0.051 0.022 14.982 0.006 0.019 29.075
-1.0 2.0 0.003 7.846 5.602 8.344 2.104 82.295 100.0 587.422 275.797 0.314 0.0 14.193 23.777 8.435 0.021 0.012 14.903 0.003 0.01 28.856
-4.0 2.0 0.004 7.971 4.663 0.0 0.192 4.225 100.0 4.841 281.11 22.587 1.439 12.535 23.013 8.747 0.963 1.913 15.576 0.506 1.618 30.589
-3.5 2.0 0.004 7.971 6.083 0.015 0.273 14.097 100.0 43.822 280.282 22.777 0.39 25.033 24.364 8.668 0.847 0.95 15.417 0.251 0.803 30.185
-3.0 2.0 0.004 7.971 6.722 0.303 0.316 30.074 100.0 192.925 279.289 14.849 0.081 37.423 25.13 8.626 0.638 0.4 15.319 0.106 0.338 29.931
-2.5 2.0 0.004 7.971 6.735 1.244 0.364 46.083 100.0 370.723 278.464 6.582 0.014 43.627 25.497 8.608 0.371 0.155 15.263 0.041 0.131 29.785
-2.0 2.0 0.004 7.971 6.638 2.826 0.453 61.891 100.0 492.815 277.82 2.545 0.002 41.613 25.471 8.591 0.171 0.063 15.211 0.017 0.053 29.64
-1.5 2.0 0.004 7.971 6.679 4.428 0.648 76.224 100.0 581.105 277.0 1.037 0.0 31.466 24.874 8.562 0.071 0.03 15.144 0.008 0.025 29.45
-1.0 2.0 0.004 7.971 6.848 6.593 1.107 86.082 100.0 665.719 276.191 0.504 0.0 19.521 23.894 8.521 0.031 0.016 15.059 0.004 0.014 29.211
-4.0 2.0 0.006 8.147 5.291 0.0 0.123 4.517 100.0 5.702 280.798 38.044 1.972 17.078 22.577 8.811 1.372 2.852 15.684 0.754 2.412 30.829
-3.5 2.0 0.006 8.147 6.835 0.015 0.173 14.033 100.0 49.725 280.077 38.084 0.534 33.539 23.983 8.747 1.199 1.44 15.553 0.381 1.218 30.492
-3.0 2.0 0.006 8.147 7.575 0.306 0.202 27.214 100.0 214.33 279.393 25.126 0.111 48.925 24.708 8.723 0.895 0.608 15.492 0.161 0.514 30.334
-2.5 2.0 0.006 8.147 7.764 1.11 0.24 38.693 100.0 410.712 278.924 11.398 0.019 56.017 24.987 8.719 0.522 0.233 15.471 0.062 0.197 30.277
-2.0 2.0 0.006 8.147 7.907 2.135 0.312 50.918 100.0 549.146 278.476 4.541 0.003 53.917 24.928 8.709 0.248 0.095 15.439 0.025 0.081 30.175
-1.5 2.0 0.006 8.147 8.314 3.371 0.473 65.721 100.0 657.762 277.675 1.94 0.001 42.607 24.47 8.678 0.109 0.047 15.371 0.012 0.04 29.98
-1.0 2.0 0.006 8.147 8.994 5.597 0.856 82.668 100.0 775.519 276.862 1.005 0.0 28.431 23.924 8.632 0.052 0.027 15.276 0.007 0.023 29.7
-4.0 2.0 0.008 8.272 5.623 0.0 0.08 4.058 100.0 5.585 280.718 54.453 2.35 20.365 21.973 8.871 1.724 3.76 15.794 0.995 3.18 31.081
-3.5 2.0 0.008 8.272 7.255 0.014 0.113 11.988 100.0 47.597 280.134 54.435 0.645 39.566 23.485 8.818 1.5 1.932 15.685 0.511 1.634 30.796
-3.0 2.0 0.008 8.272 8.199 0.282 0.133 21.958 100.0 206.66 279.716 36.784 0.136 56.976 24.261 8.804 1.119 0.819 15.649 0.217 0.693 30.703
-2.5 2.0 0.008 8.272 8.64 1.032 0.162 29.563 100.0 403.309 279.534 17.194 0.024 64.568 24.542 8.812 0.658 0.31 15.656 0.082 0.263 30.719
-2.0 2.0 0.008 8.272 9.078 1.81 0.219 38.393 100.0 549.718 279.201 7.05 0.004 63.147 24.499 8.807 0.323 0.127 15.637 0.034 0.107 30.649
-1.5 2.0 0.008 8.272 9.934 2.937 0.347 51.751 100.0 673.158 278.42 3.105 0.001 52.396 24.173 8.776 0.15 0.064 15.57 0.017 0.054 30.447
-1.0 2.0 0.008 8.272 11.306 5.242 0.654 71.325 100.0 816.686 277.584 1.672 0.001 37.395 23.976 8.725 0.075 0.039 15.468 0.01 0.033 30.133
-4.0 2.0 0.01 8.369 5.764 0.0 0.054 3.286 100.0 4.718 280.779 70.48 2.61 22.603 21.25 8.927 2.013 4.623 15.898 1.223 3.911 31.33
-3.5 2.0 0.01 8.369 7.498 0.01 0.076 9.452 100.0 39.868 280.3 70.917 0.728 43.719 22.917 8.881 1.754 2.424 15.802 0.641 2.05 31.078
-3.0 2.0 0.01 8.369 8.682 0.219 0.091 16.93 100.0 180.572 280.061 49.72 0.157 62.825 23.81 8.872 1.315 1.036 15.781 0.274 0.876 31.023
-2.5 2.0 0.01 8.369 9.392 0.946 0.112 21.844 100.0 367.723 280.098 24.141 0.029 70.798 24.147 8.89 0.782 0.389 15.809 0.103 0.329 31.097
-2.0 2.0 0.01 8.369 10.143 1.638 0.154 27.875 100.0 517.343 279.862 10.191 0.006 70.543 24.134 8.89 0.395 0.157 15.804 0.041 0.133 31.06
-1.5 2.0 0.01 8.369 11.493 2.755 0.25 38.795 100.0 650.99 279.104 4.566 0.002 61.791 23.896 8.86 0.193 0.08 15.739 0.021 0.067 30.858
-1.0 2.0 0.01 8.369 13.731 5.167 0.482 57.553 100.0 811.218 278.242 2.501 0.001 47.264 23.902 8.807 0.102 0.05 15.633 0.013 0.042 30.519
-4.0 2.0 0.014 8.515 5.901 0.0 0.028 1.965 100.0 3.422 281.336 100.492 2.924 24.783 19.907 9.021 2.471 6.289 16.083 1.664 5.319 31.783
-3.5 2.0 0.014 8.515 7.816 0.007 0.04 5.432 100.0 28.299 281.012 102.025 0.84 47.946 21.846 8.983 2.157 3.46 16.006 0.915 2.927 31.577
-3.0 2.0 0.014 8.515 9.402 0.157 0.049 9.626 100.0 135.209 280.946 76.001 0.193 69.606 22.984 8.98 1.638 1.509 15.998 0.399 1.276 31.558
-2.5 2.0 0.014 8.515 10.58 0.867 0.061 11.983 100.0 293.373 281.237 39.671 0.038 78.238 23.53 9.009 0.994 0.565 16.053 0.149 0.478 31.703
-2.0 2.0 0.014 8.515 11.896 1.593 0.087 15.089 100.0 436.948 281.126 17.772 0.008 79.421 23.678 9.017 0.522 0.226 16.068 0.06 0.191 31.717
-1.5 2.0 0.014 8.515 14.15 2.825 0.148 21.977 100.0 581.867 280.427 8.23 0.002 74.487 23.656 8.988 0.274 0.116 16.007 0.031 0.098 31.511
-1.0 2.0 0.014 8.515 18.004 5.725 0.296 35.938 100.0 764.763 279.556 4.636 0.001 62.73 24.12 8.934 0.156 0.075 15.897 0.02 0.063 31.128
-4.0 2.0 0.02 8.67 6.178 0.0 0.008 0.779 100.0 1.751 282.629 135.747 2.957 24.236 17.809 9.142 2.895 8.428 16.338 2.23 7.128 32.422
-3.5 2.0 0.02 8.67 8.315 0.002 0.013 2.114 100.0 14.226 282.381 140.565 0.889 47.705 20.013 9.111 2.553 5.019 16.274 1.328 4.245 32.246
-3.0 2.0 0.02 8.67 10.276 0.064 0.016 3.877 100.0 74.677 282.286 115.071 0.224 72.262 21.413 9.106 2.0 2.318 16.262 0.613 1.961 32.219
-2.5 2.0 0.02 8.67 11.941 0.613 0.02 4.85 100.0 184.033 282.601 68.319 0.051 83.398 22.352 9.139 1.26 0.904 16.326 0.239 0.765 32.386
-2.0 2.0 0.02 8.67 14.055 1.514 0.03 6.251 100.0 300.873 282.69 33.976 0.012 85.888 23.11 9.161 0.688 0.356 16.373 0.094 0.301 32.482
-1.5 2.0 0.02 8.67 17.722 3.02 0.053 9.476 100.0 442.003 282.322 16.205 0.004 86.299 23.499 9.142 0.386 0.179 16.335 0.047 0.151 32.313
-1.0 2.0 0.02 8.67 24.231 6.685 0.111 16.758 100.0 632.796 281.588 9.146 0.002 82.193 24.566 9.093 0.241 0.117 16.235 0.031 0.099 31.898
-4.0 2.0 0.04 8.971 7.597 0.0 0.001 0.042 100.0 0.316 286.519 190.81 2.16 15.897 12.487 9.424 3.348 12.874 16.943 3.406 10.889 34.019
-3.5 2.0 0.04 8.971 9.75 0.0 0.001 0.106 100.0 2.27 286.394 205.316 0.712 33.058 14.397 9.402 3.037 9.409 16.896 2.489 7.958 33.878
-3.0 2.0 0.04 8.971 12.359 0.012 0.002 0.226 100.0 12.531 286.325 199.528 0.219 57.978 15.517 9.392 2.568 5.221 16.871 1.381 4.416 33.81
-2.5 2.0 0.04 8.971 14.757 0.182 0.003 0.362 100.0 39.889 286.374 163.632 0.069 79.284 17.13 9.402 1.837 2.366 16.888 0.626 2.001 33.834
-2.0 2.0 0.04 8.971 18.839 1.123 0.004 0.579 100.0 75.047 286.506 113.249 0.025 87.056 19.875 9.436 1.115 1.076 16.958 0.285 0.91 33.98
-1.5 2.0 0.04 8.971 26.647 3.254 0.008 1.237 100.0 132.409 286.761 64.548 0.01 89.78 22.93 9.467 0.671 0.548 17.023 0.145 0.463 34.028
-1.0 2.0 0.04 8.971 42.358 8.846 0.018 2.504 100.0 263.528 286.804 35.896 0.004 98.745 25.987 9.462 0.462 0.328 17.003 0.087 0.277 33.66
-4.0 3.0 0.002 7.67 3.62 0.0 0.557 3.107 100.0 3.422 281.841 9.762 0.757 7.097 39.422 8.65 0.515 0.784 15.427 0.207 0.663 30.269
-3.5 3.0 0.002 7.67 4.658 0.014 0.825 11.103 100.0 31.857 281.035 9.836 0.201 14.383 44.794 8.545 0.454 0.381 15.232 0.101 0.322 29.778
-3.0 3.0 0.002 7.67 5.176 0.293 0.936 26.743 100.0 139.901 279.779 6.241 0.041 22.139 48.53 8.475 0.346 0.161 15.08 0.042 0.136 29.391
-2.5 3.0 0.002 7.67 5.147 1.542 1.019 46.127 100.0 268.473 278.474 2.687 0.007 26.408 50.182 8.429 0.202 0.064 14.966 0.017 0.054 29.101
-2.0 3.0 0.002 7.67 4.914 4.658 1.162 64.856 100.0 359.681 277.395 1.007 0.001 24.742 47.813 8.394 0.09 0.026 14.872 0.007 0.022 28.86
-1.5 3.0 0.002 7.67 4.673 7.59 1.475 75.031 100.0 422.041 276.52 0.387 0.0 17.338 39.098 8.366 0.034 0.012 14.8 0.003 0.01 28.662
-1.0 3.0 0.002 7.67 4.383 10.017 2.22 71.485 100.0 471.332 275.608 0.171 0.0 9.49 28.531 8.337 0.013 0.006 14.732 0.002 0.005 28.476
-4.0 3.0 0.003 7.846 4.355 0.0 0.475 4.0 100.0 4.514 281.531 16.136 1.064 10.22 38.656 8.694 0.756 1.163 15.493 0.308 0.984 30.41
-3.5 3.0 0.003 7.846 5.61 0.017 0.703 13.795 100.0 41.403 280.674 16.25 0.282 20.552 43.883 8.603 0.665 0.567 15.317 0.15 0.48 29.963
-3.0 3.0 0.003 7.846 6.165 0.338 0.799 31.251 100.0 180.871 279.506 10.416 0.057 31.156 47.042 8.547 0.504 0.239 15.192 0.063 0.202 29.642
-2.5 3.0 0.003 7.846 6.092 1.493 0.876 50.437 100.0 343.628 278.432 4.533 0.01 36.614 47.525 8.517 0.293 0.095 15.109 0.025 0.08 29.428
-2.0 3.0 0.003 7.846 5.866 3.931 1.014 68.483 100.0 454.545 277.604 1.724 0.002 34.36 43.606 8.493 0.133 0.04 15.039 0.01 0.034 29.242
-1.5 3.0 0.003 7.846 5.685 6.01 1.328 80.295 100.0 530.571 276.769 0.685 0.0 24.764 34.641 8.466 0.052 0.019 14.974 0.005 0.016 29.059
-1.0 3.0 0.003 7.846 5.52 8.618 2.097 81.942 100.0 597.689 275.951 0.321 0.0 14.365 25.58 8.432 0.021 0.01 14.9 0.003 0.009 28.854
-4.0 3.0 0.004 7.971 4.863 0.0 0.194 4.476 100.0 5.036 281.209 23.262 1.342 13.026 37.724 8.737 0.982 1.524 15.56 0.403 1.289 30.553
-3.5 3.0 0.004 7.971 6.274 0.016 0.275 15.007 100.0 45.795 280.375 23.494 0.358 26.032 42.868 8.656 0.864 0.747 15.399 0.198 0.632 30.143
-3.0 3.0 0.004 7.971 6.86 0.319 0.318 32.138 100.0 202.158 279.354 15.292 0.073 38.923 45.523 8.614 0.653 0.315 15.298 0.083 0.266 29.882
-2.5 3.0 0.004 7.971 6.814 1.309 0.367 49.219 100.0 387.634 278.503 6.757 0.012 45.339 45.086 8.594 0.382 0.124 15.24 0.033 0.105 29.73
-2.0 3.0 0.004 7.971 6.67 3.027 0.456 65.491 100.0 512.731 277.865 2.604 0.002 43.075 40.238 8.578 0.176 0.052 15.189 0.014 0.044 29.587
-1.5 3.0 0.004 7.971 6.663 4.668 0.649 79.204 100.0 600.468 277.06 1.059 0.0 32.334 31.54 8.552 0.072 0.025 15.127 0.007 0.021 29.411
-1.0 3.0 0.004 7.971 6.774 6.908 1.107 87.841 100.0 685.009 276.293 0.516 0.0 19.94 23.945 8.514 0.031 0.014 15.047 0.004 0.012 29.186
-4.0 3.0 0.006 8.147 5.555 0.0 0.124 4.943 100.0 6.025 280.899 39.544 1.855 17.926 36.334 8.797 1.407 2.265 15.661 0.599 1.916 30.773
-3.5 3.0 0.006 8.147 7.117 0.016 0.174 15.532 100.0 53.018 280.148 39.686 0.496 35.304 41.085 8.731 1.231 1.126 15.526 0.298 0.952 30.426
-3.0 3.0 0.006 8.147 7.796 0.325 0.204 30.624 100.0 230.955 279.4 26.181 0.102 51.727 42.87 8.703 0.925 0.475 15.458 0.126 0.402 30.248
-2.5 3.0 0.006 8.147 7.902 1.179 0.242 43.93 100.0 443.653 278.883 11.833 0.017 59.398 41.23 8.697 0.543 0.185 15.43 0.049 0.156 30.175
-2.0 3.0 0.006 8.147 7.98 2.329 0.315 57.253 100.0 589.345 278.42 4.692 0.003 56.968 35.808 8.688 0.258 0.078 15.398 0.021 0.066 30.074
-1.5 3.0 0.006 8.147 8.331 3.635 0.476 71.936 100.0 697.764 277.645 2.0 0.001 44.599 28.403 8.66 0.112 0.039 15.337 0.01 0.033 29.895
-1.0 3.0 0.006 8.147 8.947 5.949 0.86 87.954 100.0 815.17 276.876 1.037 0.0 29.514 23.608 8.617 0.053 0.024 15.249 0.006 0.02 29.636
-4.0 3.0 0.008 8.272 5.939 0.0 0.081 4.6 100.0 6.008 280.783 57.175 2.237 21.604 34.748 8.854 1.779 2.977 15.764 0.788 2.518 31.005
-3.5 3.0 0.008 8.272 7.604 0.015 0.114 13.816 100.0 51.793 280.149 57.368 0.605 42.172 39.196 8.798 1.552 1.502 15.649 0.397 1.27 30.706
-3.0 3.0 0.008 8.272 8.474 0.303 0.135 26.01 100.0 229.128 279.65 38.814 0.126 61.23 40.645 8.78 1.167 0.634 15.603 0.168 0.537 30.585
-2.5 3.0 0.008 8.272 8.818 1.096 0.164 35.789 100.0 451.709 279.384 18.069 0.022 69.929 38.653 8.783 0.692 0.244 15.597 0.065 0.207 30.57
-2.0 3.0 0.008 8.272 9.191 1.968 0.222 46.171 100.0 611.253 279.024 7.361 0.004 68.221 33.508 8.777 0.339 0.103 15.577 0.027 0.087 30.496
-1.5 3.0 0.008 8.272 9.991 3.18 0.351 60.231 100.0 736.715 278.28 3.233 0.001 55.993 27.396 8.749 0.156 0.054 15.517 0.014 0.045 30.314
-1.0 3.0 0.008 8.272 11.309 5.583 0.661 79.679 100.0 879.649 277.507 1.741 0.001 39.489 23.743 8.703 0.077 0.034 15.425 0.009 0.028 30.027
-4.0 3.0 0.01 8.369 6.11 0.0 0.055 3.872 100.0 5.168 280.783 74.847 2.513 24.262 33.05 8.907 2.093 3.651 15.86 0.966 3.088 31.233
-3.5 3.0 0.01 8.369 7.88 0.011 0.077 11.332 100.0 44.239 280.261 75.575 0.692 47.153 37.324 8.858 1.827 1.872 15.759 0.495 1.583 30.968
-3.0 3.0 0.01 8.369 8.986 0.237 0.092 21.039 100.0 205.663 279.921 53.11 0.148 68.499 38.746 8.844 1.384 0.794 15.724 0.21 0.672 30.878
-2.5 3.0 0.01 8.369 9.598 1.004 0.113 28.255 100.0 428.113 279.842 25.718 0.027 78.317 36.813 8.853 0.832 0.303 15.735 0.08 0.256 30.903
-2.0 3.0 0.01 8.369 10.29 1.761 0.157 36.071 100.0 598.717 279.555 10.766 0.005 78.015 31.982 8.852 0.42 0.127 15.725 0.034 0.107 30.854
-1.5 3.0 0.01 8.369 11.606 2.963 0.255 48.344 100.0 738.024 278.845 4.804 0.001 67.492 26.559 8.825 0.203 0.067 15.668 0.018 0.057 30.673
-1.0 3.0 0.01 8.369 13.825 5.486 0.49 68.31 100.0 900.091 278.063 2.633 0.001 50.91 23.69 8.778 0.107 0.043 15.574 0.011 0.037 30.366
-4.0 3.0 0.014 8.515 6.254 0.0 0.028 2.475 100.0 3.865 281.24 108.993 2.88 27.16 29.937 8.995 2.605 4.973 16.033 1.316 4.206 31.65
-3.5 3.0 0.014 8.515 8.198 0.007 0.041 6.973 100.0 32.44 280.866 110.944 0.817 52.803 34.199 8.956 2.277 2.653 15.951 0.702 2.244 31.432
-3.0 3.0 0.014 8.515 9.713 0.171 0.05 13.093 100.0 161.612 280.679 83.201 0.186 77.944 35.78 8.944 1.751 1.142 15.925 0.302 0.966 31.366
-2.5 3.0 0.014 8.515 10.825 0.93 0.063 17.625 100.0 369.409 280.785 43.532 0.037 90.189 34.245 8.96 1.08 0.433 15.95 0.115 0.366 31.427
-2.0 3.0 0.014 8.515 12.123 1.707 0.09 22.664 100.0 551.41 280.563 19.322 0.008 92.236 30.114 8.962 0.57 0.18 15.952 0.048 0.152 31.405
-1.5 3.0 0.014 8.515 14.396 3.029 0.153 31.568 100.0 712.117 279.925 8.888 0.002 85.147 25.789 8.937 0.296 0.097 15.899 0.026 0.082 31.223
-1.0 3.0 0.014 8.515 18.282 6.097 0.304 48.138 100.0 902.432 279.167 4.991 0.001 70.122 24.07 8.89 0.167 0.065 15.806 0.017 0.055 30.884
-4.0 3.0 0.02 8.67 6.491 0.0 0.008 1.086 100.0 2.064 282.408 151.891 3.009 27.35 25.514 9.111 3.115 6.735 16.273 1.782 5.697 32.243
-3.5 3.0 0.02 8.67 8.64 0.003 0.013 2.998 100.0 17.0 282.129 157.323 0.893 54.028 29.712 9.079 2.745 3.854 16.205 1.02 3.26 32.059
-3.0 3.0 0.02 8.67 10.578 0.072 0.016 6.017 100.0 94.743 281.899 130.357 0.225 83.624 31.687 9.065 2.18 1.743 16.174 0.461 1.474 31.977
-2.5 3.0 0.02 8.67 12.252 0.682 0.021 8.663 100.0 258.932 281.928 78.226 0.051 101.182 31.136 9.078 1.408 0.681 16.193 0.18 0.576 32.02
-2.0 3.0 0.02 8.67 14.477 1.661 0.031 11.863 100.0 440.294 281.84 38.486 0.012 107.406 28.373 9.084 0.781 0.276 16.206 0.073 0.234 32.022
-1.5 3.0 0.02 8.67 18.301 3.299 0.056 17.279 100.0 621.666 281.454 18.262 0.004 106.62 25.28 9.067 0.437 0.148 16.171 0.039 0.125 31.859
-1.0 3.0 0.02 8.67 25.03 7.255 0.116 27.935 100.0 836.531 280.888 10.255 0.002 98.124 24.989 9.027 0.267 0.101 16.094 0.027 0.086 31.505
-4.0 3.0 0.04 8.971 7.914 0.0 0.001 0.084 100.0 0.43 286.016 237.914 2.444 19.718 15.946 9.376 3.866 10.985 16.834 2.906 9.291 33.703
-3.5 3.0 0.04 8.971 10.119 0.0 0.001 0.219 100.0 3.165 285.83 254.713 0.795 41.182 18.892 9.353 3.481 7.619 16.787 2.016 6.444 33.563
-3.0 3.0 0.04 8.971 12.801 0.014 0.002 0.554 100.0 19.225 285.608 252.091 0.245 74.004 20.475 9.336 2.971 4.099 16.744 1.084 3.467 33.445
-2.5 3.0 0.04 8.971 15.512 0.223 0.003 1.228 100.0 77.598 285.29 212.605 0.078 108.16 22.187 9.323 2.192 1.862 16.707 0.493 1.575 33.313
-2.0 3.0 0.04 8.971 20.539 1.393 0.004 2.257 100.0 188.753 284.903 145.31 0.028 130.502 24.088 9.32 1.386 0.868 16.695 0.23 0.734 33.208
-1.5 3.0 0.04 8.971 29.793 4.028 0.009 4.3 100.0 348.791 284.846 80.727 0.01 143.113 25.363 9.326 0.857 0.451 16.703 0.119 0.382 33.07
-1.0 3.0 0.04 8.971 47.183 10.706 0.02 7.937 100.0 585.123 285.196 45.723 0.005 152.161 28.501 9.33 0.585 0.291 16.709 0.077 0.246 32.746
-4.0 4.0 0.002 7.67 3.698 0.0 0.565 3.254 100.0 3.527 281.892 9.222 0.456 7.592 81.766 8.637 0.482 0.505 15.405 0.133 0.427 30.213
-3.5 4.0 0.002 7.67 4.733 0.015 0.834 11.648 100.0 32.88 281.105 9.194 0.114 15.323 93.322 8.53 0.423 0.242 15.207 0.064 0.205 29.715
-3.0 4.0 0.002 7.67 5.179 0.306 0.947 27.354 100.0 142.134 279.86 5.727 0.022 23.312 100.352 8.464 0.323 0.103 15.063 0.027 0.087 29.347
-2.5 4.0 0.002 7.67 5.088 1.58 1.03 45.665 100.0 267.594 278.637 2.436 0.004 27.432 100.776 8.425 0.189 0.042 14.961 0.011 0.036 29.089
-2.0 4.0 0.002 7.67 4.84 4.754 1.17 63.35 100.0 356.352 277.767 0.918 0.001 25.483 90.026 8.394 0.084 0.018 14.878 0.005 0.015 28.88
-1.5 4.0 0.002 7.67 4.594 7.739 1.482 73.659 100.0 420.886 277.36 0.357 0.0 17.801 66.894 8.375 0.031 0.008 14.825 0.002 0.007 28.742
-1.0 4.0 0.002 7.67 4.291 10.544 2.235 70.962 100.0 476.083 277.266 0.16 0.0 9.775 43.403 8.363 0.012 0.005 14.793 0.001 0.004 28.67
-4.0 4.0 0.003 7.846 4.507 0.0 0.483 4.342 100.0 4.732 281.659 15.382 0.646 11.046 80.199 8.674 0.711 0.745 15.461 0.197 0.63 30.328
-3.5 4.0 0.003 7.846 5.811 0.019 0.712 15.14 100.0 43.687 280.825 15.349 0.162 22.178 91.468 8.578 0.624 0.358 15.278 0.095 0.303 29.865
-3.0 4.0 0.003 7.846 6.261 0.358 0.808 33.169 100.0 187.083 279.639 9.626 0.032 33.173 97.096 8.528 0.474 0.153 15.161 0.04 0.129 29.565
-2.5 4.0 0.003 7.846 6.086 1.557 0.885 51.485 100.0 347.414 278.615 4.124 0.005 38.412 95.196 8.506 0.277 0.062 15.092 0.016 0.053 29.387
-2.0 4.0 0.003 7.846 5.826 4.107 1.022 68.812 100.0 456.138 277.958 1.574 0.001 35.746 81.913 8.487 0.125 0.027 15.035 0.007 0.023 29.236
-1.5 4.0 0.003 7.846 5.628 6.293 1.336 81.169 100.0 536.037 277.499 0.634 0.0 25.712 59.237 8.469 0.048 0.013 14.986 0.003 0.011 29.104
-1.0 4.0 0.003 7.846 5.436 9.248 2.114 83.522 100.0 610.426 277.368 0.301 0.0 14.962 38.886 8.45 0.02 0.007 14.943 0.002 0.006 28.999
-4.0 4.0 0.004 7.971 5.112 0.0 0.197 5.066 100.0 5.383 281.385 22.397 0.822 14.248 78.317 8.711 0.928 0.971 15.517 0.257 0.821 30.445
-3.5 4.0 0.004 7.971 6.62 0.018 0.279 17.247 100.0 49.438 280.545 22.428 0.208 28.469 89.394 8.624 0.815 0.468 15.348 0.124 0.396 30.014
-3.0 4.0 0.004 7.971 7.072 0.344 0.322 35.647 100.0 213.76 279.486 14.252 0.041 41.993 93.867 8.587 0.618 0.199 15.254 0.053 0.168 29.772
-2.5 4.0 0.004 7.971 6.873 1.382 0.371 52.056 100.0 398.675 278.676 6.172 0.007 48.102 89.991 8.577 0.362 0.081 15.212 0.021 0.068 29.661
-2.0 4.0 0.004 7.971 6.676 3.229 0.46 67.987 100.0 522.398 278.18 2.38 0.001 45.299 75.235 8.567 0.167 0.035 15.174 0.009 0.029 29.553
-1.5 4.0 0.004 7.971 6.64 5.005 0.655 82.693 100.0 615.545 277.683 0.982 0.0 33.947 53.738 8.548 0.068 0.017 15.126 0.005 0.015 29.421
-1.0 4.0 0.004 7.971 6.713 7.523 1.121 92.1 100.0 708.152 277.528 0.485 0.0 20.989 35.84 8.525 0.029 0.01 15.076 0.003 0.009 29.288
-4.0 4.0 0.006 8.147 6.02 0.0 0.127 6.061 100.0 6.687 281.087 38.872 1.16 20.063 75.492 8.759 1.344 1.433 15.598 0.379 1.212 30.613
-3.5 4.0 0.006 8.147 7.758 0.019 0.177 19.582 100.0 59.874 280.285 38.783 0.295 39.661 85.775 8.687 1.177 0.697 15.451 0.184 0.589 30.236
-3.0 4.0 0.006 8.147 8.219 0.357 0.207 36.902 100.0 254.317 279.478 24.872 0.058 57.201 88.176 8.665 0.885 0.296 15.391 0.078 0.251 30.08
-2.5 4.0 0.006 8.147 8.094 1.264 0.246 49.834 100.0 471.818 278.989 10.951 0.01 64.387 81.492 8.669 0.52 0.119 15.382 0.032 0.101 30.053
-2.0 4.0 0.006 8.147 8.074 2.547 0.32 63.26 100.0 618.373 278.637 4.326 0.002 61.086 65.526 8.667 0.247 0.052 15.363 0.014 0.044 29.988
-1.5 4.0 0.006 8.147 8.373 3.997 0.483 79.461 100.0 734.677 278.102 1.868 0.0 47.688 46.408 8.647 0.107 0.027 15.315 0.007 0.023 29.849
-1.0 4.0 0.006 8.147 8.94 6.563 0.875 96.552 100.0 861.438 277.832 0.981 0.0 31.584 31.872 8.618 0.05 0.017 15.253 0.004 0.014 29.67
-4.0 4.0 0.008 8.272 6.6 0.0 0.083 6.153 100.0 6.943 280.894 57.505 1.433 24.791 71.998 8.807 1.719 1.87 15.682 0.495 1.581 30.795
-3.5 4.0 0.008 8.272 8.476 0.017 0.116 19.082 100.0 61.063 280.18 57.412 0.369 48.655 81.717 8.745 1.504 0.917 15.554 0.243 0.776 30.464
-3.0 4.0 0.008 8.272 9.071 0.337 0.138 34.146 100.0 263.013 279.617 37.646 0.073 69.434 82.819 8.733 1.131 0.39 15.517 0.103 0.33 30.364
-2.5 4.0 0.008 8.272 9.13 1.177 0.168 43.873 100.0 498.523 279.391 16.974 0.012 77.573 74.435 8.746 0.67 0.156 15.53 0.041 0.132 30.396
-2.0 4.0 0.008 8.272 9.377 2.157 0.226 54.608 100.0 662.142 279.128 6.85 0.002 74.67 58.455 8.749 0.328 0.069 15.525 0.018 0.058 30.361
-1.5 4.0 0.008 8.272 10.12 3.516 0.358 70.478 100.0 796.999 278.599 3.044 0.001 60.919 41.453 8.728 0.15 0.037 15.477 0.01 0.031 30.217
-1.0 4.0 0.008 8.272 11.384 6.146 0.675 91.989 100.0 951.686 278.251 1.659 0.0 42.902 29.327 8.694 0.074 0.024 15.409 0.006 0.02 30.002
-4.0 4.0 0.01 8.369 6.9 0.0 0.057 5.65 100.0 6.216 280.759 77.028 1.655 28.536 68.377 8.854 2.048 2.277 15.762 0.602 1.926 30.976
-3.5 4.0 0.01 8.369 8.89 0.013 0.079 17.125 100.0 54.415 280.136 77.445 0.433 55.807 77.411 8.799 1.794 1.128 15.647 0.298 0.954 30.676
-3.0 4.0 0.01 8.369 9.723 0.268 0.094 30.254 100.0 246.529 279.752 52.732 0.089 79.687 77.971 8.789 1.358 0.48 15.619 0.127 0.406 30.604
-2.5 4.0 0.01 8.369 10.022 1.076 0.116 37.686 100.0 492.026 279.733 24.599 0.015 88.972 68.745 8.809 0.815 0.19 15.649 0.05 0.16 30.679
-2.0 4.0 0.01 8.369 10.569 1.909 0.16 45.955 100.0 671.569 279.532 10.127 0.003 87.259 53.107 8.816 0.411 0.084 15.655 0.022 0.071 30.671
-1.5 4.0 0.01 8.369 11.83 3.245 0.261 60.31 100.0 822.187 279.026 4.559 0.001 74.842 37.826 8.796 0.197 0.046 15.611 0.012 0.039 30.529
-1.0 4.0 0.01 8.369 14.019 5.974 0.503 83.403 100.0 998.182 278.624 2.528 0.0 56.18 27.45 8.76 0.103 0.031 15.539 0.008 0.026 30.287
-4.0 4.0 0.014 8.515 7.117 0.0 0.029 4.197 100.0 4.97 280.931 117.08 1.997 33.369 61.939 8.933 2.609 3.087 15.908 0.817 2.611 31.316
-3.5 4.0 0.014 8.515 9.261 0.009 0.042 12.288 100.0 42.683 280.459 118.619 0.54 65.219 69.991 8.887 2.285 1.566 15.813 0.414 1.325 31.065
-3.0 4.0 0.014 8.515 10.574 0.198 0.051 22.103 100.0 208.361 280.268 86.288 0.117 94.682 70.352 8.878 1.756 0.67 15.791 0.177 0.567 31.009
-2.5 4.0 0.014 8.515 11.418 1.004 0.065 27.675 100.0 457.734 280.473 43.328 0.022 107.064 61.17 8.903 1.082 0.262 15.833 0.069 0.222 31.114
-2.0 4.0 0.014 8.515 12.578 1.834 0.093 33.487 100.0 662.593 280.316 18.679 0.004 107.523 46.578 8.913 0.569 0.116 15.85 0.031 0.098 31.133
-1.5 4.0 0.014 8.515 14.828 3.283 0.157 44.605 100.0 840.21 279.876 8.613 0.001 97.874 33.508 8.895 0.293 0.066 15.812 0.017 0.056 30.993
-1.0 4.0 0.014 8.515 18.747 6.605 0.315 65.126 100.0 1048.415 279.438 4.884 0.001 79.613 26.138 8.858 0.163 0.046 15.741 0.012 0.039 30.715
-4.0 4.0 0.02 8.67 7.238 0.0 0.008 2.187 100.0 2.84 281.797 171.678 2.236 35.252 52.283 9.041 3.211 4.213 16.123 1.114 3.563 31.831
-3.5 4.0 0.02 8.67 9.55 0.003 0.013 6.261 100.0 23.943 281.451 176.679 0.634 69.935 60.095 9.003 2.827 2.25 16.045 0.595 1.903 31.621
-3.0 4.0 0.02 8.67 11.453 0.085 0.017 12.452 100.0 133.557 281.253 143.205 0.153 107.122 61.07 8.988 2.25 0.99 16.011 0.262 0.837 31.533
-2.5 4.0 0.02 8.67 13.047 0.765 0.022 17.254 100.0 357.497 281.453 82.608 0.033 127.466 53.35 9.004 1.455 0.389 16.039 0.103 0.329 31.593
-2.0 4.0 0.02 8.67 15.224 1.799 0.032 22.156 100.0 589.35 281.398 38.983 0.007 132.979 40.768 9.017 0.805 0.169 16.064 0.045 0.143 31.631
-1.5 4.0 0.02 8.67 19.132 3.574 0.058 29.766 100.0 802.905 281.146 18.362 0.002 129.497 30.168 9.008 0.445 0.098 16.046 0.026 0.083 31.514
-1.0 4.0 0.02 8.67 26.034 7.872 0.121 44.482 100.0 1043.562 280.846 10.387 0.001 116.526 27.333 8.979 0.268 0.07 15.992 0.019 0.06 31.222
-4.0 4.0 0.04 8.971 8.443 0.0 0.001 0.229 100.0 0.66 285.122 293.014 2.085 27.462 30.275 9.3 4.189 7.258 16.663 1.92 6.139 33.205
-3.5 4.0 0.04 8.971 10.783 0.001 0.001 0.639 100.0 5.017 284.839 312.188 0.655 57.859 35.457 9.273 3.755 4.656 16.607 1.232 3.938 33.046
-3.0 4.0 0.04 8.971 13.616 0.018 0.002 1.74 100.0 32.139 284.664 308.639 0.198 104.37 36.906 9.251 3.226 2.399 16.554 0.635 2.029 32.894
-2.5 4.0 0.04 8.971 16.909 0.276 0.003 4.178 100.0 137.647 285.391 256.361 0.062 153.261 35.855 9.225 2.407 1.091 16.506 0.289 0.923 32.688
-2.0 4.0 0.04 8.971 22.74 1.63 0.005 7.799 100.0 341.653 285.516 166.655 0.02 185.867 32.775 9.216 1.532 0.517 16.485 0.137 0.438 32.53
-1.5 4.0 0.04 8.971 32.914 4.605 0.009 13.354 100.0 603.823 285.112 90.251 0.007 201.788 30.079 9.228 0.944 0.279 16.496 0.074 0.236 32.414
-1.0 4.0 0.04 8.971 51.279 12.123 0.021 20.617 100.0 918.516 285.05 51.851 0.004 205.948 32.379 9.249 0.632 0.2 16.533 0.053 0.169 32.187
