# flux  dens met   OH    logU
  0.508 2.0  0.002 7.67  -4.0
  0.448 2.0  0.002 7.67  -3.5
  0.34  2.0  0.002 7.67  -3.0
  0.198 2.0  0.002 7.67  -2.5
  0.088 2.0  0.002 7.67  -2.0
  0.033 2.0  0.002 7.67  -1.5
  0.013 2.0  0.002 7.67  -1.0
  0.744 2.0  0.003 7.846 -4.0
  0.654 2.0  0.003 7.846 -3.5
  0.494 2.0  0.003 7.846 -3.0
  0.287 2.0  0.003 7.846 -2.5
  0.13  2.0  0.003 7.846 -2.0
  0.051 2.0  0.003 7.846 -1.5
  0.021 2.0  0.003 7.846 -1.0
  0.963 2.0  0.004 7.971 -4.0
  0.847 2.0  0.004 7.971 -3.5
  0.638 2.0  0.004 7.971 -3.0
  0.371 2.0  0.004 7.971 -2.5
  0.171 2.0  0.004 7.971 -2.0
  0.071 2.0  0.004 7.971 -1.5
  0.031 2.0  0.004 7.971 -1.0
  1.372 2.0  0.006 8.147 -4.0
  1.199 2.0  0.006 8.147 -3.5
  0.895 2.0  0.006 8.147 -3.0
  0.522 2.0  0.006 8.147 -2.5
  0.248 2.0  0.006 8.147 -2.0
  0.109 2.0  0.006 8.147 -1.5
  0.052 2.0  0.006 8.147 -1.0
  1.724 2.0  0.008 8.272 -4.0
  1.5   2.0  0.008 8.272 -3.5
  1.119 2.0  0.008 8.272 -3.0
  0.658 2.0  0.008 8.272 -2.5
  0.323 2.0  0.008 8.272 -2.0
  0.15  2.0  0.008 8.272 -1.5
  0.075 2.0  0.008 8.272 -1.0
  2.013 2.0  0.01  8.369 -4.0
  1.754 2.0  0.01  8.369 -3.5
  1.315 2.0  0.01  8.369 -3.0
  0.782 2.0  0.01  8.369 -2.5
  0.395 2.0  0.01  8.369 -2.0
  0.193 2.0  0.01  8.369 -1.5
  0.102 2.0  0.01  8.369 -1.0
  2.471 2.0  0.014 8.515 -4.0
  2.157 2.0  0.014 8.515 -3.5
  1.638 2.0  0.014 8.515 -3.0
  0.994 2.0  0.014 8.515 -2.5
  0.522 2.0  0.014 8.515 -2.0
  0.274 2.0  0.014 8.515 -1.5
  0.156 2.0  0.014 8.515 -1.0
  2.895 2.0  0.02  8.67  -4.0
  2.553 2.0  0.02  8.67  -3.5
  2.0   2.0  0.02  8.67  -3.0
  1.26  2.0  0.02  8.67  -2.5
  0.688 2.0  0.02  8.67  -2.0
  0.386 2.0  0.02  8.67  -1.5
  0.241 2.0  0.02  8.67  -1.0
  3.348 2.0  0.04  8.971 -4.0
  3.037 2.0  0.04  8.971 -3.5
  2.568 2.0  0.04  8.971 -3.0
  1.837 2.0  0.04  8.971 -2.5
  1.115 2.0  0.04  8.971 -2.0
  0.671 2.0  0.04  8.971 -1.5
  0.462 2.0  0.04  8.971 -1.0
  0.515 3.0  0.002 7.67  -4.0
  0.454 3.0  0.002 7.67  -3.5
  0.346 3.0  0.002 7.67  -3.0
  0.202 3.0  0.002 7.67  -2.5
  0.09  3.0  0.002 7.67  -2.0
  0.034 3.0  0.002 7.67  -1.5
  0.013 3.0  0.002 7.67  -1.0
  0.756 3.0  0.003 7.846 -4.0
  0.665 3.0  0.003 7.846 -3.5
  0.504 3.0  0.003 7.846 -3.0
  0.293 3.0  0.003 7.846 -2.5
  0.133 3.0  0.003 7.846 -2.0
  0.052 3.0  0.003 7.846 -1.5
  0.021 3.0  0.003 7.846 -1.0
  0.982 3.0  0.004 7.971 -4.0
  0.864 3.0  0.004 7.971 -3.5
  0.653 3.0  0.004 7.971 -3.0
  0.382 3.0  0.004 7.971 -2.5
  0.176 3.0  0.004 7.971 -2.0
  0.072 3.0  0.004 7.971 -1.5
  0.031 3.0  0.004 7.971 -1.0
  1.407 3.0  0.006 8.147 -4.0
  1.231 3.0  0.006 8.147 -3.5
  0.925 3.0  0.006 8.147 -3.0
  0.543 3.0  0.006 8.147 -2.5
  0.258 3.0  0.006 8.147 -2.0
  0.112 3.0  0.006 8.147 -1.5
  0.053 3.0  0.006 8.147 -1.0
  1.779 3.0  0.008 8.272 -4.0
  1.552 3.0  0.008 8.272 -3.5
  1.167 3.0  0.008 8.272 -3.0
  0.692 3.0  0.008 8.272 -2.5
  0.339 3.0  0.008 8.272 -2.0
  0.156 3.0  0.008 8.272 -1.5
  0.077 3.0  0.008 8.272 -1.0
  2.093 3.0  0.01  8.369 -4.0
  1.827 3.0  0.01  8.369 -3.5
  1.384 3.0  0.01  8.369 -3.0
  0.832 3.0  0.01  8.369 -2.5
  0.42  3.0  0.01  8.369 -2.0
  0.203 3.0  0.01  8.369 -1.5
  0.107 3.0  0.01  8.369 -1.0
  2.605 3.0  0.014 8.515 -4.0
  2.277 3.0  0.014 8.515 -3.5
  1.751 3.0  0.014 8.515 -3.0
  1.08  3.0  0.014 8.515 -2.5
  0.57  3.0  0.014 8.515 -2.0
  0.296 3.0  0.014 8.515 -1.5
  0.167 3.0  0.014 8.515 -1.0
  3.115 3.0  0.02  8.67  -4.0
  2.745 3.0  0.02  8.67  -3.5
  2.18  3.0  0.02  8.67  -3.0
  1.408 3.0  0.02  8.67  -2.5
  0.781 3.0  0.02  8.67  -2.0
  0.437 3.0  0.02  8.67  -1.5
  0.267 3.0  0.02  8.67  -1.0
  3.866 3.0  0.04  8.971 -4.0
  3.481 3.0  0.04  8.971 -3.5
  2.971 3.0  0.04  8.971 -3.0
  2.192 3.0  0.04  8.971 -2.5
  1.386 3.0  0.04  8.971 -2.0
  0.857 3.0  0.04  8.971 -1.5
  0.585 3.0  0.04  8.971 -1.0
  0.482 4.0  0.002 7.67  -4.0
  0.423 4.0  0.002 7.67  -3.5
  0.323 4.0  0.002 7.67  -3.0
  0.189 4.0  0.002 7.67  -2.5
  0.084 4.0  0.002 7.67  -2.0
  0.031 4.0  0.002 7.67  -1.5
  0.012 4.0  0.002 7.67  -1.0
  0.711 4.0  0.003 7.846 -4.0
  0.624 4.0  0.003 7.846 -3.5
  0.474 4.0  0.003 7.846 -3.0
  0.277 4.0  0.003 7.846 -2.5
  0.125 4.0  0.003 7.846 -2.0
  0.048 4.0  0.003 7.846 -1.5
  0.02  4.0  0.003 7.846 -1.0
  0.928 4.0  0.004 7.971 -4.0
  0.815 4.0  0.004 7.971 -3.5
  0.618 4.0  0.004 7.971 -3.0
  0.362 4.0  0.004 7.971 -2.5
  0.167 4.0  0.004 7.971 -2.0
  0.068 4.0  0.004 7.971 -1.5
  0.029 4.0  0.004 7.971 -1.0
  1.344 4.0  0.006 8.147 -4.0
  1.177 4.0  0.006 8.147 -3.5
  0.885 4.0  0.006 8.147 -3.0
  0.52  4.0  0.006 8.147 -2.5
  0.247 4.0  0.006 8.147 -2.0
  0.107 4.0  0.006 8.147 -1.5
  0.05  4.0  0.006 8.147 -1.0
  1.719 4.0  0.008 8.272 -4.0
  1.504 4.0  0.008 8.272 -3.5
  1.131 4.0  0.008 8.272 -3.0
  0.67  4.0  0.008 8.272 -2.5
  0.328 4.0  0.008 8.272 -2.0
  0.15  4.0  0.008 8.272 -1.5
  0.074 4.0  0.008 8.272 -1.0
  2.048 4.0  0.01  8.369 -4.0
  1.794 4.0  0.01  8.369 -3.5
  1.358 4.0  0.01  8.369 -3.0
  0.815 4.0  0.01  8.369 -2.5
  0.411 4.0  0.01  8.369 -2.0
  0.197 4.0  0.01  8.369 -1.5
  0.103 4.0  0.01  8.369 -1.0
  2.609 4.0  0.014 8.515 -4.0
  2.285 4.0  0.014 8.515 -3.5
  1.756 4.0  0.014 8.515 -3.0
  1.082 4.0  0.014 8.515 -2.5
  0.569 4.0  0.014 8.515 -2.0
  0.293 4.0  0.014 8.515 -1.5
  0.163 4.0  0.014 8.515 -1.0
  3.211 4.0  0.02  8.67  -4.0
  2.827 4.0  0.02  8.67  -3.5
  2.25  4.0  0.02  8.67  -3.0
  1.455 4.0  0.02  8.67  -2.5
  0.805 4.0  0.02  8.67  -2.0
  0.445 4.0  0.02  8.67  -1.5
  0.268 4.0  0.02  8.67  -1.0
  4.189 4.0  0.04  8.971 -4.0
  3.755 4.0  0.04  8.971 -3.5
  3.226 4.0  0.04  8.971 -3.0
  2.407 4.0  0.04  8.971 -2.5
  1.532 4.0  0.04  8.971 -2.0
  0.944 4.0  0.04  8.971 -1.5
  0.632 4.0  0.04  8.971 -1.0
